13480253104	180	3	180	180
13502468823	7335	102	7335	110349
13560439658	2034	24	2034	5892
13600217502	2257	266	2257	203704
13602846565	1938	12	1938	2910
13660577991	6960	9	6960	690
13719199419	240	0	240	0
13726230503	2481	27	2481	24681
13760778710	120	2	120	120
13823070001	360	3	360	180
13826544101	264	0	264	0
13922314466	3008	12	3008	3720
13925057413	11058	63	11058	48243
13926251106	240	0	240	0
13926435656	132	4	132	1512
15013685858	3659	27	3659	3538
15920133257	3156	20	3156	2936
15989002119	1938	3	1938	180
18211575961	1527	12	1527	2106
18320173382	9531	18	9531	2412
84138413	4116	16	4116	1432
